rssi,-89,-88,-87,-86,-85,-84,-83,-82,-81,-80,-79,-78,-77,-76,-75,-74,-73,-72,-71,-70,-69,-68,-67,-66,-65,-64,-63,-62,-61,-60,-59,-58,-57,-56,-55,-54,-53,-52,-51,-50,-49,-48,-47,-46,-45,-44,-43,-42,-41,-40,-39,-38,-37
c1 ,0,0,0,0,0,0,0,0,0,0,0,0,0,0,0,0,0,0,0,0,0,0,0,0,0,0,0,0,0,0,0,0,0,0,0,0,0,0,0,0,0,0,0,0,0,0,0,0,0,0,0,0,0
c2,0,0,0,0,0,0.045801528,0,0.030534351,0.045801528,0.045801528,0.061068702,0.091603056,0.10687023,0.17557251,0.10687023,0.10687023,0,0.045801528,0.07633588,0.015267176,0.030534351,0.015267176,0,0,0,0,0,0,0,0,0,0,0,0,0,0,0,0,0,0,0,0,0,0,0,0,0,0,0,0,0,0,0
c3,0,0,0,0,0,0,0.01532567,0.01532567,0.038314175,0.038314175,0.01532567,0.01532567,0.06896552,0.07662835,0.04597701,0.11111111,0.06896552,0.06896552,0,0.03065134,0.08429119,0.099616855,0.04789272,0.007662835,0.05172414,0.01532567,0.007662835,0.06130268,0.007662835,0.007662835,0,0,0,0,0,0,0,0,0,0,0,0,0,0,0,0,0,0,0,0,0,0,0
c4,0,0,0,0,0,0.014440433,0,0.014440433,0.014440433,0.014440433,0.025270758,0.0866426,0.028880866,0.028880866,0.039711192,0.06859206,0.057761732,0.028880866,0.09747292,0.06859206,0.028880866,0.10830325,0.08303249,0.028880866,0.054151624,0.028880866,0.014440433,0.0433213,0.014440433,0.0072202166,0,0,0,0,0,0,0,0,0,0,0,0,0,0,0,0,0,0,0,0,0,0,0
c5,0,0,0,0,0,0.014234875,0,0,0,0,0.024911031,0.010676157,0.010676157,0,0.010676157,0.014234875,0.02846975,0,0.03914591,0.024911031,0,0.085409254,0.06761566,0.02846975,0.042704627,0.014234875,0.02846975,0.099644125,0.0569395,0.02846975,0.099644125,0.014234875,0.0569395,0.0569395,0.014234875,0.014234875,0.0569395,0.014234875,0.02846975,0,0.014234875,0,0,0,0,0,0,0,0,0,0,0,0
c6,0,0,0,0,0,0,0,0,0,0,0,0,0,0,0,0,0,0,0,0,0,0,0,0,0,0,0,0,0.02846975,0.042704627,0.02846975,0.014234875,0.02846975,0.02846975,0.0569395,0.021352313,0.02846975,0.014234875,0.085409254,0.0569395,0.071174376,0.085409254,0.085409254,0.071174376,0.06761566,0.071174376,0.02846975,0.014234875,0.02846975,0,0.014234875,0.014234875,0.014234875
c7,0,0,0,0,0,0,0,0,0,0,0,0,0,0,0,0.014234875,0,0,0,0,0,0.014234875,0,0,0,0,0,0.014234875,0,0.014234875,0.014234875,0.02846975,0.014234875,0.014234875,0.113879,0.042704627,0.113879,0.085409254,0.085409254,0.02846975,0.0569395,0.0035587188,0.042704627,0.042704627,0.113879,0.042704627,0.042704627,0.042704627,0.014234875,0,0,0,0
c8,0,0,0,0,0,0,0,0,0,0,0,0,0,0,0.014492754,0.014492754,0.028985508,0.028985508,0.028985508,0.028985508,0.028985508,0.04347826,0.014492754,0.072463766,0.072463766,0.028985508,0.057971016,0.08695652,0.057971016,0.10144927,0.072463766,0.04347826,0.072463766,0,0.04347826,0.028985508,0.028985508,0,0,0,0,0,0,0,0,0,0,0,0,0,0,0,0
c9,0,0,0,0.014652015,0,0,0,0,0,0,0,0,0,0.014652015,0.043956045,0.043956045,0.17582418,0.05860806,0.102564104,0.16117217,0.07326008,0.02930403,0.102564104,0.02930403,0.07326008,0.014652015,0.02930403,0.032967035,0,0,0,0,0,0,0,0,0,0,0,0,0,0,0,0,0,0,0,0,0,0,0,0,0
c10,0,0,0,0,0,0,0,0,0.014652015,0.02930403,0.014652015,0.05860806,0.043956045,0.02930403,0.10622711,0.05860806,0.014652015,0.05860806,0.1904762,0.102564104,0.102564104,0.02930403,0.043956045,0.07326008,0,0.014652015,0,0,0,0.014652015,0,0,0,0,0,0,0,0,0,0,0,0,0,0,0,0,0,0,0,0,0,0,0
c11,0,0,0,0,0,0,0,0,0,0,0,0,0,0,0,0,0,0,0,0,0,0,0,0,0,0,0,0,0,0,0,0,0,0,0,0,0,0,0,0,0,0,0,0,0,0,0,0,0,0,0,0,0
c12,0,0,0,0,0,0,0,0,0,0,0,0,0,0,0,0,0,0,0,0,0,0,0,0,0,0,0,0,0,0,0,0,0,0,0,0,0,0,0,0,0,0,0,0,0,0,0,0,0,0,0,0,0
c13,0,0,0,0.23076923,0.15384616,0.15384616,0.15384616,0.15384616,0,0.15384616,0,0,0,0,0,0,0,0,0,0,0,0,0,0,0,0,0,0,0,0,0,0,0,0,0,0,0,0,0,0,0,0,0,0,0,0,0,0,0,0,0,0,0
c14,0,0,0,0,0,0.21940929,0,0.050632913,0.21518987,0.19831224,0.101265825,0,0.033755273,0.016877636,0.016877636,0,0,0,0,0,0,0,0,0,0.016877636,0.016877636,0.016877636,0,0.016877636,0,0,0,0,0.016877636,0.016877636,0,0,0.016877636,0,0.012658228,0,0,0,0,0,0,0,0,0,0,0,0.016877636,0
c15,0,0,0,0,0,0,0,0,0,0,0,0,0,0,0,0.5,0,0,0,0,0,0,0,0,0.5,0,0,0,0,0,0,0,0,0,0,0,0,0,0,0,0,0,0,0,0,0,0,0,0,0,0,0,0
c16,0,0,0,0,0,0.033333335,0,0,0,0.13333334,0.1,0.13333334,0.1,0.11666667,0.083333336,0.16666667,0.05,0.033333335,0.016666668,0.016666668,0,0,0,0.016666668,0,0,0,0,0,0,0,0,0,0,0,0,0,0,0,0,0,0,0,0,0,0,0,0,0,0,0,0,0
c17,0,0,0,0,0,0,0,0.06122449,0.1632653,0.2244898,0.14285715,0.26530612,0.020408163,0.020408163,0.040816326,0.040816326,0.020408163,0,0,0,0,0,0,0,0,0,0,0,0,0,0,0,0,0,0,0,0,0,0,0,0,0,0,0,0,0,0,0,0,0,0,0,0
