rssi,-89,-88,-87,-86,-85,-84,-83,-82,-81,-80,-79,-78,-77,-76,-75,-74,-73,-72,-71,-70,-69,-68,-67,-66,-65,-64,-63,-62,-61,-60,-59,-58,-57,-56
c1 ,0,0,0,0,0,0,0,0,0,0,0,0,0,0,0,0,0,0,0,0,0,0,0,0,0,0,0,0,0,0,0,0,0,0
c2,0,0,0,0.05839416,0.05839416,0.05109489,0.18978103,0.11678832,0.11678832,0.08759124,0.0729927,0.08759124,0.02919708,0.02919708,0.01459854,0.02919708,0.04379562,0.01459854,0,0,0,0,0,0,0,0,0,0,0,0,0,0,0,0
c3,0,0,0,0,0,0,0.022346368,0.044692736,0.022346368,0.03538175,0.14897579,0.11545624,0.12476723,0.07635009,0.10428306,0.11173184,0.037243947,0.096834265,0.029795159,0,0,0,0.029795159,0,0,0,0,0,0,0,0,0,0,0
c4,0,0,0.015444015,0,0.046332046,0.09266409,0.08880309,0.1042471,0.09266409,0.12355212,0.16216215,0.057915058,0.06177606,0.14671814,0,0.0077220076,0,0,0,0,0,0,0,0,0,0,0,0,0,0,0,0,0,0
c5,0,0,0,0.082474224,0,0.041237112,0.26804122,0.14432989,0.082474224,0.072164945,0.12371134,0.041237112,0.041237112,0.10309278,0,0,0,0,0,0,0,0,0,0,0,0,0,0,0,0,0,0,0,0
c6,0,0,0,0,0,0,0,0,0,0,0,0,0,0,0,0,0,0,0,0,0,0,0,0,0,0,0,0,0,0,0,0,0,0
c7,0,0,0,0,0,0,0,0,0,0,0,0,0,0,0,0,0,0,0,0,0,0,0,0,0,0,0,0,0,0,0,0,0,0
c8,0,0,0,0,0,0,0,0,0,0,0,0,0,0,0,0,0,0,0,0,0,0,0,0,0,0,0,0,0,0,0,0,0,0
c9,0,0,0,0,0,0,0,0,0,0,0,0,0,0,0,0,0,0,0,0,0,0,0,0,0,0,0,0,0,0,0,0,0,0
c10,0,0,0,0,0,0,0,0,0,0,0,0,0,0,0,0,0,0,0,0,0,0,0,0,0,0,0,0,0,0,0,0,0,0
c11,0.033333335,0,0,0.1,0.225,0.4,0.033333335,0.033333335,0.09166667,0.058333334,0.025,0,0,0,0,0,0,0,0,0,0,0,0,0,0,0,0,0,0,0,0,0,0,0
c12,0,0,0.074074075,0.074074075,0.18518518,0.33333334,0.14814815,0.18518518,0,0,0,0,0,0,0,0,0,0,0,0,0,0,0,0,0,0,0,0,0,0,0,0,0,0
c13,0,0,0,0,0.014336918,0,0,0,0,0.028673835,0.07168459,0.014336918,0.05734767,0.12903225,0.07168459,0.12903225,0.17204301,0.1577061,0.028673835,0.09677419,0.028673835,0,0,0,0,0,0,0,0,0,0,0,0,0
c14,0,0,0,0,0,0,0,0,0,0.020304568,0,0,0.030456852,0.020304568,0,0.010152284,0.010152284,0.040609136,0.11167513,0.10659899,0.11928934,0.063451774,0.060913704,0.040609136,0.15228426,0.13197969,0.030456852,0.020304568,0.020304568,0,0.010152284,0,0,0
c15,0,0,0,0,0,0,0,0,0,0,0,0,0,0,0,0,0,0,0,0,0,0,0,0,0,0,0,0,0,0,0,0,0,0
c16,0,0,0,0,0,0,0,0,0,0,0,0,0,0,0,0,0,0,0,0,0,0,0,0,0,0,0,0,0,0,0,0,0,0
c17,0,0,0,0,0,0,0,0,0,0,0,0,0,0,0,0,0,0,0,0,0,0,0,0,0,0,0,0,0,0,0,0,0,0
