rssi,-89,-88,-87,-86,-85,-84,-83,-82,-81,-80,-79,-78,-77,-76,-75,-74,-73,-72,-71,-70,-69,-68,-67,-66,-65,-64,-63,-62,-61,-60,-59,-58,-57,-56,-55,-54,-53,-52,-51,-50,-49,-48,-47,-46,-45,-44,-43,-42,-41,-40,-39,-38,-37
c1 ,0,0,0,0,0,0,0,0,0,0,0,0,0,0,0,0,0,0,0,0,0,0,0,0,0,0,0,0,0,0,0,0,0,0,0,0,0,0,0,0,0,0,0,0,0,0,0,0,0,0,0,0,0
c2,0,0,0,0,0,0.01438849,0.043165468,0.05035971,0.01438849,0.02877698,0.086330935,0.11510792,0.1438849,0.05755396,0.10071942,0.086330935,0.05755396,0.01438849,0.07194245,0.02877698,0.05755396,0.01438849,0,0.01438849,0,0,0,0,0,0,0,0,0,0,0,0,0,0,0,0,0,0,0,0,0,0,0,0,0,0,0,0,0
c3,0,0,0,0,0,0.007434944,0,0.014869888,0,0.05204461,0.044609666,0.044609666,0.07434944,0.0669145,0.03717472,0.05204461,0.07063197,0.12639405,0.014869888,0.07434944,0.05204461,0.08178439,0.03717472,0.024163568,0.014869888,0.027881041,0.05204461,0.014869888,0.007434944,0.007434944,0,0,0,0,0,0,0,0,0,0,0,0,0,0,0,0,0,0,0,0,0,0,0
c4,0,0,0,0,0,0.014440433,0.014440433,0,0,0.028880866,0.025270758,0.014440433,0.014440433,0.14440434,0.054151624,0.0433213,0.06859206,0.039711192,0.09747292,0.054151624,0.0433213,0.14801444,0.014440433,0.028880866,0.07220217,0.028880866,0.014440433,0.014440433,0.014440433,0.0072202166,0,0,0,0,0,0,0,0,0,0,0,0,0,0,0,0,0,0,0,0,0,0,0
c5,0,0,0,0,0,0.014234875,0.014234875,0,0,0,0.014234875,0.010676157,0,0.03914591,0.021352313,0.014234875,0.02846975,0.014234875,0.03914591,0.024911031,0,0.09608541,0,0.02846975,0.071174376,0.02846975,0.0569395,0.0569395,0.0569395,0.0569395,0.071174376,0.02846975,0.042704627,0.014234875,0.02846975,0.02846975,0.042704627,0.014234875,0.014234875,0.014234875,0.014234875,0,0,0,0,0,0,0,0,0,0,0,0
c6,0,0,0,0,0,0,0,0,0,0,0,0,0,0,0,0,0,0,0,0,0,0,0,0,0,0,0,0,0.014234875,0.042704627,0.042704627,0.042704627,0,0.02846975,0.0569395,0.0071174377,0.042704627,0.014234875,0.02846975,0.12811388,0.02846975,0.099644125,0.0569395,0.071174376,0.081850536,0.0569395,0.0569395,0.02846975,0.02846975,0.014234875,0,0.014234875,0.014234875
c7,0,0,0,0,0,0,0,0,0,0,0,0,0,0,0,0,0,0,0,0,0,0,0,0.014234875,0,0,0,0,0.014234875,0.014234875,0,0.042704627,0.014234875,0.014234875,0.113879,0.042704627,0.085409254,0.099644125,0.113879,0.02846975,0.071174376,0.02846975,0,0.07473309,0.085409254,0.042704627,0.071174376,0.014234875,0.014234875,0,0,0,0
c8,0,0,0,0,0,0,0,0,0,0,0,0,0.014492754,0,0,0.014492754,0.014492754,0.04347826,0.04347826,0.028985508,0.028985508,0.04347826,0.014492754,0.08695652,0.072463766,0.028985508,0.04347826,0.11594203,0.10144927,0.072463766,0.072463766,0.014492754,0.072463766,0,0.014492754,0.028985508,0.014492754,0.014492754,0,0,0,0,0,0,0,0,0,0,0,0,0,0,0
c9,0,0,0,0,0,0,0,0,0,0,0,0,0,0.014652015,0.043956045,0.043956045,0.11721612,0.07326008,0.102564104,0.16117217,0.102564104,0.07326008,0.043956045,0.05860806,0.08791209,0.02930403,0.02930403,0.01831502,0,0,0,0,0,0,0,0,0,0,0,0,0,0,0,0,0,0,0,0,0,0,0,0,0
c10,0,0,0,0,0,0,0,0,0,0.014652015,0.02930403,0,0.09157509,0.07326008,0.05860806,0.05860806,0.08791209,0.08791209,0.16117217,0.07326008,0.02930403,0.043956045,0.05860806,0.102564104,0.014652015,0,0,0,0,0.014652015,0,0,0,0,0,0,0,0,0,0,0,0,0,0,0,0,0,0,0,0,0,0,0
c11,0,0,0,0,0,0,0,0,0,0,0,0,0,0,0,0,0,0,0,0,0,0,0,0,0,0,0,0,0,0,0,0,0,0,0,0,0,0,0,0,0,0,0,0,0,0,0,0,0,0,0,0,0
c12,0,0,0,0,0,1,0,0,0,0,0,0,0,0,0,0,0,0,0,0,0,0,0,0,0,0,0,0,0,0,0,0,0,0,0,0,0,0,0,0,0,0,0,0,0,0,0,0,0,0,0,0,0
c13,0,0,0.1904762,0,0.14285715,0,0.1904762,0.14285715,0.1904762,0.0952381,0,0.04761905,0,0,0,0,0,0,0,0,0,0,0,0,0,0,0,0,0,0,0,0,0,0,0,0,0,0,0,0,0,0,0,0,0,0,0,0,0,0,0,0,0
c14,0,0,0,0.06818182,0,0.07954545,0.16477273,0.13636364,0.16761364,0.11363637,0.10227273,0.022727273,0,0.011363637,0.011363637,0.022727273,0,0,0,0,0,0,0,0,0.011363637,0.011363637,0.011363637,0,0.011363637,0,0,0,0,0.011363637,0,0.011363637,0,0.011363637,0,0.0085227275,0,0,0,0,0,0,0,0,0,0,0,0.011363637,0
c15,0,0,0,0,0,0.2,0,0,0,0,0,0,0,0,0,0.4,0,0,0,0,0,0,0,0,0.4,0,0,0,0,0,0,0,0,0,0,0,0,0,0,0,0,0,0,0,0,0,0,0,0,0,0,0,0
c16,0,0,0,0,0,0,0,0,0.032786883,0.13114753,0.08196721,0.032786883,0.09836066,0.22950819,0.09836066,0.13114753,0.08196721,0.04918033,0.016393442,0,0,0,0,0.016393442,0,0,0,0,0,0,0,0,0,0,0,0,0,0,0,0,0,0,0,0,0,0,0,0,0,0,0,0,0
c17,0,0,0,0,0,0,0.05357143,0.08928572,0.071428575,0.26785713,0.125,0.26785713,0.035714287,0.017857144,0,0.05357143,0.017857144,0,0,0,0,0,0,0,0,0,0,0,0,0,0,0,0,0,0,0,0,0,0,0,0,0,0,0,0,0,0,0,0,0,0,0,0
